0 0.0 -7.0 0.0 0.0
1 0.0 7.0 0.0 0.0
2 -1.0 -6.0 6.0 1.5
3 1.0 -6.0 6.0 1.5
4 -2.0 -5.0 12.0 1.5
5 0.0 -5.0 6.0 1.5
6 2.0 -5.0 12.0 1.5
7 -3.0 -4.0 18.0 1.5
8 -1.0 -4.0 12.0 1.5
9 1.0 -4.0 12.0 1.5
10 3.0 -4.0 18.0 1.5
11 -4.0 -3.0 24.0 1.5
12 -2.0 -3.0 18.0 1.5
13 0.0 -3.0 12.0 1.5
14 2.0 -3.0 18.0 1.5
15 4.0 -3.0 24.0 1.5
16 -5.0 -2.0 30.0 1.5
17 -3.0 -2.0 24.0 1.5
18 -1.0 -2.0 18.0 1.5
19 1.0 -2.0 18.0 1.5
20 3.0 -2.0 24.0 1.5
21 5.0 -2.0 30.0 1.5
22 -6.0 -1.0 36.0 1.5
23 -4.0 -1.0 30.0 1.5
24 -2.0 -1.0 24.0 1.5
25 0.0 -1.0 18.0 1.5
26 2.0 -1.0 24.0 1.5
27 4.0 -1.0 30.0 1.5
28 6.0 -1.0 36.0 1.5
29 -7.0 0.0 42.0 1.5
30 -5.0 0.0 36.0 1.5
31 -3.0 0.0 30.0 1.5
32 -1.0 0.0 24.0 1.5
33 1.0 0.0 24.0 1.5
34 3.0 0.0 30.0 1.5
35 5.0 0.0 36.0 1.5
36 7.0 0.0 42.0 1.5
37 -6.0 1.0 36.0 1.5
38 -4.0 1.0 30.0 1.5
39 -2.0 1.0 24.0 1.5
40 0.0 1.0 18.0 1.5
41 2.0 1.0 24.0 1.5
42 4.0 1.0 30.0 1.5
43 6.0 1.0 36.0 1.5
44 -5.0 2.0 30.0 1.5
45 -3.0 2.0 24.0 1.5
46 -1.0 2.0 18.0 1.5
47 1.0 2.0 18.0 1.5
48 3.0 2.0 24.0 1.5
49 5.0 2.0 30.0 1.5
50 -4.0 3.0 24.0 1.5
51 -2.0 3.0 18.0 1.5
52 0.0 3.0 12.0 1.5
53 2.0 3.0 18.0 1.5
54 4.0 3.0 24.0 1.5
55 -3.0 4.0 18.0 1.5
56 -1.0 4.0 12.0 1.5
57 1.0 4.0 12.0 1.5
58 3.0 4.0 18.0 1.5
59 -2.0 5.0 12.0 1.5
60 0.0 5.0 6.0 1.5
61 2.0 5.0 12.0 1.5
62 -1.0 6.0 6.0 1.5
63 1.0 6.0 6.0 1.5
