0 -0.5 0.0 0.0 0.0
1 0.5 0.0 0.0 0.0
2 -7.0 -7.0 35.0 1.5
3 -7.0 -5.0 35.0 1.5
4 -7.0 -3.0 35.0 1.5
5 -7.0 -1.0 35.0 1.5
6 -7.0 1.0 35.0 1.5
7 -7.0 3.0 35.0 1.5
8 -7.0 5.0 35.0 1.5
9 -7.0 7.0 35.0 1.5
10 -5.0 -7.0 35.0 1.5
11 -5.0 -5.0 25.0 1.5
12 -5.0 -3.0 25.0 1.5
13 -5.0 -1.0 25.0 1.5
14 -5.0 1.0 25.0 1.5
15 -5.0 3.0 25.0 1.5
16 -5.0 5.0 25.0 1.5
17 -5.0 7.0 35.0 1.5
18 -3.0 -7.0 35.0 1.5
19 -3.0 -5.0 25.0 1.5
20 -3.0 -3.0 15.0 1.5
21 -3.0 -1.0 15.0 1.5
22 -3.0 1.0 15.0 1.5
23 -3.0 3.0 15.0 1.5
24 -3.0 5.0 25.0 1.5
25 -3.0 7.0 35.0 1.5
26 -1.0 -7.0 35.0 1.5
27 -1.0 -5.0 25.0 1.5
28 -1.0 -3.0 15.0 1.5
29 -1.0 -1.0 5.0 1.5
30 -1.0 1.0 5.0 1.5
31 -1.0 3.0 15.0 1.5
32 -1.0 5.0 25.0 1.5
33 -1.0 7.0 35.0 1.5
34 1.0 -7.0 35.0 1.5
35 1.0 -5.0 25.0 1.5
36 1.0 -3.0 15.0 1.5
37 1.0 -1.0 5.0 1.5
38 1.0 1.0 5.0 1.5
39 1.0 3.0 15.0 1.5
40 1.0 5.0 25.0 1.5
41 1.0 7.0 35.0 1.5
42 3.0 -7.0 35.0 1.5
43 3.0 -5.0 25.0 1.5
44 3.0 -3.0 15.0 1.5
45 3.0 -1.0 15.0 1.5
46 3.0 1.0 15.0 1.5
47 3.0 3.0 15.0 1.5
48 3.0 5.0 25.0 1.5
49 3.0 7.0 35.0 1.5
50 5.0 -7.0 35.0 1.5
51 5.0 -5.0 25.0 1.5
52 5.0 -3.0 25.0 1.5
53 5.0 -1.0 25.0 1.5
54 5.0 1.0 25.0 1.5
55 5.0 3.0 25.0 1.5
56 5.0 5.0 25.0 1.5
57 5.0 7.0 35.0 1.5
58 7.0 -7.0 35.0 1.5
59 7.0 -5.0 35.0 1.5
60 7.0 -3.0 35.0 1.5
61 7.0 -1.0 35.0 1.5
62 7.0 1.0 35.0 1.5
63 7.0 3.0 35.0 1.5
64 7.0 5.0 35.0 1.5
65 7.0 7.0 35.0 1.5
