0 0.0 -7.0 0.0 0.0
1 0.0 7.0 0.0 0.0
2 -1.0 -6.0 6.0 2.0
3 1.0 -6.0 6.0 2.0
4 -2.0 -5.0 12.0 2.0
5 0.0 -5.0 6.0 2.0
6 2.0 -5.0 12.0 2.0
7 -3.0 -4.0 18.0 2.0
8 -1.0 -4.0 12.0 2.0
9 1.0 -4.0 12.0 2.0
10 3.0 -4.0 18.0 2.0
11 -4.0 -3.0 24.0 2.0
12 -2.0 -3.0 18.0 2.0
13 0.0 -3.0 12.0 2.0
14 2.0 -3.0 18.0 2.0
15 4.0 -3.0 24.0 2.0
16 -5.0 -2.0 30.0 2.0
17 -3.0 -2.0 24.0 2.0
18 -1.0 -2.0 18.0 2.0
19 1.0 -2.0 18.0 2.0
20 3.0 -2.0 24.0 2.0
21 5.0 -2.0 30.0 2.0
22 -6.0 -1.0 36.0 2.0
23 -4.0 -1.0 30.0 2.0
24 -2.0 -1.0 24.0 2.0
25 0.0 -1.0 18.0 2.0
26 2.0 -1.0 24.0 2.0
27 4.0 -1.0 30.0 2.0
28 6.0 -1.0 36.0 2.0
29 -7.0 0.0 42.0 2.0
30 -5.0 0.0 36.0 2.0
31 -3.0 0.0 30.0 2.0
32 -1.0 0.0 24.0 2.0
33 1.0 0.0 24.0 2.0
34 3.0 0.0 30.0 2.0
35 5.0 0.0 36.0 2.0
36 7.0 0.0 42.0 2.0
37 -6.0 1.0 36.0 2.0
38 -4.0 1.0 30.0 2.0
39 -2.0 1.0 24.0 2.0
40 0.0 1.0 18.0 2.0
41 2.0 1.0 24.0 2.0
42 4.0 1.0 30.0 2.0
43 6.0 1.0 36.0 2.0
44 -5.0 2.0 30.0 2.0
45 -3.0 2.0 24.0 2.0
46 -1.0 2.0 18.0 2.0
47 1.0 2.0 18.0 2.0
48 3.0 2.0 24.0 2.0
49 5.0 2.0 30.0 2.0
50 -4.0 3.0 24.0 2.0
51 -2.0 3.0 18.0 2.0
52 0.0 3.0 12.0 2.0
53 2.0 3.0 18.0 2.0
54 4.0 3.0 24.0 2.0
55 -3.0 4.0 18.0 2.0
56 -1.0 4.0 12.0 2.0
57 1.0 4.0 12.0 2.0
58 3.0 4.0 18.0 2.0
59 -2.0 5.0 12.0 2.0
60 0.0 5.0 6.0 2.0
61 2.0 5.0 12.0 2.0
62 -1.0 6.0 6.0 2.0
63 1.0 6.0 6.0 2.0
