0 -0.5 0.0 0.0 0.0
1 0.5 0.0 0.0 0.0
2 -7.0 -7.0 35.0 0.0
3 -7.0 -5.0 35.0 0.0
4 -7.0 -3.0 35.0 0.0
5 -7.0 -1.0 35.0 0.0
6 -7.0 1.0 35.0 0.0
7 -7.0 3.0 35.0 0.0
8 -7.0 5.0 35.0 0.0
9 -7.0 7.0 35.0 0.0
10 -5.0 -7.0 35.0 0.0
11 -5.0 -5.0 25.0 0.0
12 -5.0 -3.0 25.0 0.0
13 -5.0 -1.0 25.0 0.0
14 -5.0 1.0 25.0 0.0
15 -5.0 3.0 25.0 0.0
16 -5.0 5.0 25.0 0.0
17 -5.0 7.0 35.0 0.0
18 -3.0 -7.0 35.0 0.0
19 -3.0 -5.0 25.0 0.0
20 -3.0 -3.0 15.0 0.0
21 -3.0 -1.0 15.0 0.0
22 -3.0 1.0 15.0 0.0
23 -3.0 3.0 15.0 0.0
24 -3.0 5.0 25.0 0.0
25 -3.0 7.0 35.0 0.0
26 -1.0 -7.0 35.0 0.0
27 -1.0 -5.0 25.0 0.0
28 -1.0 -3.0 15.0 0.0
29 -1.0 -1.0 5.0 0.0
30 -1.0 1.0 5.0 0.0
31 -1.0 3.0 15.0 0.0
32 -1.0 5.0 25.0 0.0
33 -1.0 7.0 35.0 0.0
34 1.0 -7.0 35.0 0.0
35 1.0 -5.0 25.0 0.0
36 1.0 -3.0 15.0 0.0
37 1.0 -1.0 5.0 0.0
38 1.0 1.0 5.0 0.0
39 1.0 3.0 15.0 0.0
40 1.0 5.0 25.0 0.0
41 1.0 7.0 35.0 0.0
42 3.0 -7.0 35.0 0.0
43 3.0 -5.0 25.0 0.0
44 3.0 -3.0 15.0 0.0
45 3.0 -1.0 15.0 0.0
46 3.0 1.0 15.0 0.0
47 3.0 3.0 15.0 0.0
48 3.0 5.0 25.0 0.0
49 3.0 7.0 35.0 0.0
50 5.0 -7.0 35.0 0.0
51 5.0 -5.0 25.0 0.0
52 5.0 -3.0 25.0 0.0
53 5.0 -1.0 25.0 0.0
54 5.0 1.0 25.0 0.0
55 5.0 3.0 25.0 0.0
56 5.0 5.0 25.0 0.0
57 5.0 7.0 35.0 0.0
58 7.0 -7.0 35.0 0.0
59 7.0 -5.0 35.0 0.0
60 7.0 -3.0 35.0 0.0
61 7.0 -1.0 35.0 0.0
62 7.0 1.0 35.0 0.0
63 7.0 3.0 35.0 0.0
64 7.0 5.0 35.0 0.0
65 7.0 7.0 35.0 0.0
