0 53.0 45.5 0.0 0.0
1 53.0 45.4 0.0 0.0
2 31.5 76.0 34.0 2.0
3 35.5 75.5 30.0 2.0
4 44.0 75.0 35.0 2.0
5 40.5 75.0 30.0 2.0
6 32.0 74.5 26.0 2.0
7 35.5 74.5 27.0 2.0
8 43.0 73.0 26.0 2.0
9 29.0 72.0 30.0 2.0
10 30.5 72.0 25.0 2.0
11 40.0 72.0 25.0 2.0
12 38.5 70.0 27.0 2.0
13 29.5 69.5 24.0 2.0
14 44.0 69.0 26.0 2.0
15 41.0 66.5 25.0 2.0
16 30.0 66.0 24.0 2.0
17 29.0 66.0 25.0 2.0
18 44.5 64.5 28.0 2.0
19 43.5 64.0 23.0 2.0
20 43.5 64.0 24.0 2.0
21 30.5 63.0 26.0 2.0
22 28.5 61.5 26.0 2.0
23 43.5 60.5 26.0 2.0
24 21.5 60.5 35.0 2.0
25 8.5 60.0 39.0 2.0
26 14.5 60.0 35.0 2.0
27 32.0 60.0 29.0 2.0
28 37.0 60.0 31.0 2.0
29 17.5 59.5 29.0 2.0
30 26.5 59.0 30.0 2.0
31 46.5 59.0 30.0 2.0
32 51.5 59.0 36.0 2.0
33 49.5 59.0 29.0 2.0
34 20.0 59.0 28.0 2.0
35 11.0 59.0 34.0 2.0
36 38.5 58.5 31.0 2.0
37 33.5 58.0 30.0 2.0
38 23.5 58.0 31.0 2.0
39 18.5 58.0 28.0 2.0
40 14.0 57.5 32.0 2.0
41 9.0 57.0 38.0 2.0
42 30.0 57.0 27.0 2.0
43 44.5 56.5 26.0 2.0
44 17.0 56.5 35.0 2.0
45 43.0 55.0 27.0 2.0
46 29.5 54.5 26.0 2.0
47 46.5 53.5 25.0 2.0
48 45.5 52.5 23.0 2.0
49 46.5 50.0 23.0 2.0
50 31.0 50.0 25.0 2.0
51 45.0 47.0 23.0 2.0
52 48.0 45.5 26.0 2.0
53 28.5 45.5 29.0 2.0
54 29.5 43.0 25.0 2.0
55 43.0 43.0 28.0 2.0
56 33.5 43.0 28.0 2.0
57 37.5 43.0 28.0 2.0
58 52.5 42.0 34.0 2.0
59 47.5 41.5 26.0 2.0
60 50.5 41.0 26.0 2.0
61 40.0 41.0 26.0 2.0
62 30.0 40.5 27.0 2.0
63 52.0 39.5 30.0 2.0
64 37.0 39.5 28.0 2.0
65 33.0 39.5 27.0 2.0
66 42.0 39.5 29.0 2.0
67 45.5 39.0 26.0 2.0
68 47.5 39.0 24.0 2.0
69 30.0 36.5 25.0 2.0
70 49.0 36.0 24.0 2.0
71 47.0 34.5 24.0 2.0
72 30.0 34.5 24.0 2.0
73 48.5 33.0 23.0 2.0
74 28.5 33.0 26.0 2.0
75 50.0 32.5 28.0 2.0
76 31.0 31.0 25.0 2.0
77 48.0 31.0 24.0 2.0
78 48.5 29.0 24.0 2.0
79 47.5 27.5 26.0 2.0
80 29.0 27.0 25.0 2.0
81 25.0 27.0 30.0 2.0
82 31.0 27.0 27.0 2.0
83 15.0 27.0 36.0 2.0
84 36.0 27.0 33.0 2.0
85 20.5 26.5 29.0 2.0
86 17.0 26.0 30.0 2.0
87 28.0 26.0 28.0 2.0
88 49.5 26.0 36.0 2.0
89 41.0 26.0 30.0 2.0
90 7.0 25.5 38.0 2.0
91 45.0 25.5 30.0 2.0
92 10.0 25.0 35.0 2.0
93 23.5 25.0 27.0 2.0
94 21.0 24.5 28.0 2.0
95 26.5 24.5 28.0 2.0
96 42.0 24.0 27.0 2.0
97 37.5 24.0 32.0 2.0
98 17.0 24.0 34.0 2.0
99 32.5 24.0 29.0 2.0
100 11.5 23.5 33.0 2.0
101 8.5 23.5 37.0 2.0
102 30.5 23.5 25.0 2.0
103 47.0 23.0 31.0 2.0
104 44.5 22.5 24.0 2.0
105 45.0 21.5 24.0 2.0
106 28.5 21.0 27.0 2.0
107 30.5 20.0 26.0 2.0
108 43.0 18.0 24.0 2.0
109 44.5 17.0 23.0 2.0
110 29.0 17.0 24.0 2.0
111 30.5 16.0 24.0 2.0
112 42.5 16.0 25.0 2.0
113 46.5 13.5 26.0 2.0
114 29.5 12.5 25.0 2.0
115 41.5 12.5 26.0 2.0
116 44.5 10.5 24.0 2.0
117 30.0 10.0 25.0 2.0
118 47.0 9.5 28.0 2.0
119 42.5 8.5 25.0 2.0
120 30.5 7.5 26.0 2.0
121 44.5 7.5 26.0 2.0
122 35.0 7.0 29.0 2.0
123 37.5 7.0 28.0 2.0
124 47.5 7.0 30.0 2.0
125 30.0 5.5 35.0 2.0
126 43.0 5.5 30.0 2.0
127 34.5 5.5 32.0 2.0
128 39.0 5.0 32.0 2.0
129 47.5 4.5 36.0 2.0
